6
0
0
0
0
0
0
0
0
0
0
0
2
2
0
0
0
2
2
0
0
0
2
2
2
0
0
2
2
1
-2
0
0
0
2
2
0
2
2
0
0
0
0
0
2
2
0
0
0
0
0
0
0
0
0
2
2
2
0
0
0
0
2
2
2
0
2
2
2
0
0
0
2
2
2
0
0
0
2
2
0
0
0
2
0
0
0
0
2
2
-3
0
0
-1
0
0
0
0
0
0
0
0
0
-1
0
0
0
0
0
0
0
0
0
2
0
0
2
2
0
0
0
0
2
2
0
2
2
2
2
0
0
0
0
2
0
0
0
0
2
0
0
0
0
2
0
0
0
0
2
0
0
0
0
2
0
0
0
0
2
2
-5
0
0
2
0
0
0
0
0
0
0
0
0
2
0
0
0
0
2
2
-6
0
0
2
0
0
0
0
0
0
0
0
0
-4
0
0
0
0
0
0
0
0
0
-4
0
0
0
0
0
0
0
0
0
2
0
0
0
0
0
0
0
0
0
2
0
0
0
0
0
0
0
0
0
2
2
2
0
0
0
0
0
0
0
2
0
0
0
0
0
0
0
0
0
2
0
0
2
0
0
0
0
0
0
2
2
2
2
2
2
2
-7
0
0
0
0
0
2
0
0
0
0
0
0
0
0
0
0
0
0
0
0
0
0
0
0
0
0
0
0
0
0
0
0
0
0
0
0
0
0
0
0
0
0
0
0
0
0
0
0
0
0
-2
2
2
2
2
2
0
0
0
0
0
2
0
0
0
2
0
0
0
0
0
2
0
0
0
2
0
0
0
0
0
2
0
0
0
2
0
0
0
0
0
2
0
0
0
2
0
0
0
0
0
2
0
2
2
2
2
2
0
0
-3
2
0
2
0
2
0
2
0
0
0
0
0
-8
0
-9
0
-10
0
0
0
0
0
-8
0
-9
0
-10
0
0
0
0
0
2
0
2
0
2
0
0
0
0
0
2
0
2
0
2
0
0
0
0
0
2
0
2
0
2
0
0
0
0
0
2
0
2
0
2
0
0
-5
2
2
2
0
2
0
2
0
0
0
0
0
0
0
2
0
2
0
0
-6
2
2
2
0
2
0
2
0
0
0
0
0
2
0
2
0
2
0
0
0
0
0
-11
0
-12
0
-13
0
0
0
0
0
-11
0
-12
0
-13
0
0
0
0
0
2
0
2
0
2
0
0
0
0
0
2
0
2
0
2
0
0
0
0
0
2
0
0
0
2
0
0
0
0
2
2
2
2
2
2
0
0
0
0
0
0
0
2
0
0
0
0
-7
2
2
2
2
2
2
2
0
0
0
0
0
0
0
2
0
0
0
0
0
0
0
0
0
0
0
0
0
0
0
0
0
0
0
0
0
0
0
0
