9
0
0
0
0
0
0
0
0
0
0
0
1
1
0
0
0
0
0
0
0
0
1
1
1
1
1
1
1
1
-5
0
0
1
0
0
0
0
0
0
0
0
0
1
0
1
1
1
1
1
-6
0
0
1
0
1
0
0
0
0
0
0
0
1
0
1
0
1
1
1
-7
0
0
1
0
1
0
1
0
0
0
0
0
1
0
1
0
1
0
1
-8
0
0
-1
0
-2
0
-3
0
-4
0
0
0
-1
0
-2
0
-3
0
-4
0
0
0
1
0
1
0
1
0
1
0
0
0
1
0
1
0
1
0
1
0
0
0
1
0
0
0
1
0
1
0
0
0
1
1
1
1
1
0
1
0
0
0
0
0
0
0
0
0
1
0
0
0
1
1
1
1
1
1
1
0
0
0
1
0
0
0
0
0
0
0
0
0
1
0
1
1
1
1
1
-11
0
0
-9
0
-10
0
0
0
0
0
0
0
-9
0
-10
0
0
0
0
0
0
0
1
0
1
0
0
0
0
0
0
1
1
1
1
0
1
1
1
-12
0
0
0
0
0
0
1
0
0
0
0
0
1
1
1
1
1
1
0
0
0
0
1
1
1
1
1
1
0
0
0
0
1
1
1
1
1
1
0
0
0
0
1
1
1
1
1
1
0
0
0
0
1
1
1
1
1
1
0
0
0
0
0
0
0
0
0
0
0
0
0
0
0
0
0
0
0
0
0
0
0
0
0
0
0
0
0
0
0
0
-5
1
1
1
0
1
1
1
1
-14
0
0
0
1
0
1
0
1
0
0
-6
1
1
1
0
1
0
1
1
0
0
0
0
0
0
1
0
1
1
0
-7
1
1
1
0
1
0
1
1
0
0
0
0
1
0
1
0
1
1
0
-8
1
1
1
0
1
0
1
1
0
0
0
0
0
0
-13
0
0
0
0
0
0
0
0
0
-13
0
0
0
0
0
1
1
1
1
1
0
0
1
-16
0
1
0
0
0
1
0
0
1
0
0
1
0
1
1
1
1
0
1
0
0
1
0
1
1
1
1
0
1
0
0
1
0
1
1
1
1
0
1
0
0
1
0
1
1
1
1
0
1
0
0
1
0
1
1
1
1
0
1
0
-11
1
0
1
1
1
1
0
1
0
0
0
0
0
0
0
0
0
-15
0
0
0
0
0
0
0
0
0
-15
0
0
0
0
0
0
0
0
0
1
0
-12
1
1
1
1
1
1
1
1
0
0
1
0
0
0
0
0
0
0
0
0
1
0
1
1
1
1
1
1
0
0
1
0
1
0
0
0
0
1
0
0
1
0
1
1
1
1
0
1
0
0
1
0
0
0
0
0
0
1
0
0
1
1
1
1
1
1
1
1
0
0
0
0
0
0
0
0
0
0
0
0
0
0
0
0
0
0
0
0
0
0
0
0
0
0
0
0
0
0
0
-14
1
1
0
1
1
1
1
1
0
0
0
1
0
1
1
1
1
1
0
0
0
1
0
1
1
1
1
1
0
0
0
1
1
1
0
0
0
1
0
0
0
1
0
1
1
1
1
1
0
0
0
1
0
1
1
1
1
1
0
0
0
1
0
1
1
1
1
1
0
0
0
-17
0
0
0
0
0
0
0
0
0
-17
0
0
0
0
0
0
0
-16
1
1
0
0
0
0
0
0
0
0
0
1
1
1
1
1
1
1
0
0
0
1
1
1
1
1
1
1
0
0
0
1
0
0
0
1
1
1
0
0
0
1
0
1
0
0
0
0
0
0
0
1
0
1
1
1
1
1
0
0
0
1
0
0
0
0
0
1
0
0
0
1
1
1
1
1
1
1
0
0
0
0
0
0
0
0
0
0
0
0
0
0
0
0
0
0
0
0
0
0
0
0
0
0
0
0
0
0
0
0
0
0
0
0
0
0
0
0
0
0
0
0
0
0
0
0
0
0
0
0
0
0
0
0
0
0
0
0
0
0
0
0
0
0
0
0
0
0
0
0
0
0
0
0
0
0
0
0
0
0
0
0
0
0
0
0
0
0
0
0
0
0
0
0
0
0
0
0
0
0
0
0
0
0
0
0
0
0
0
