12
0
0
0
0
0
0
0
0
0
0
0
1
1
0
0
0
0
0
0
0
0
1
1
3
4
3
4
0
0
0
0
0
3
4
0
0
3
0
0
0
0
0
4
0
3
3
4
0
0
0
0
0
3
0
3
0
3
3
0
0
0
0
4
3
4
3
3
3
4
0
0
0
0
0
0
3
3
0
3
-2
0
0
0
0
0
0
4
3
4
0
0
0
0
0
0
0
0
0
-1
0
0
0
0
0
0
0
0
0
-1
0
0
0
0
0
0
0
0
0
3
0
0
4
4
3
3
4
0
0
4
0
0
0
3
3
4
3
0
0
3
0
0
3
3
3
4
4
3
3
4
0
0
0
3
3
4
4
0
0
0
0
0
4
4
4
4
3
0
3
0
0
0
0
3
4
3
4
0
4
0
0
0
3
3
3
4
4
3
4
0
0
0
0
-3
0
0
0
0
0
0
0
0
0
-3
0
0
0
0
0
0
0
0
0
3
0
0
0
0
0
0
0
0
0
4
0
0
0
0
0
0
0
0
0
3
0
0
0
3
0
0
0
0
0
4
0
3
3
3
4
3
-5
0
0
3
0
3
0
0
0
0
0
0
0
4
0
4
3
3
3
0
0
0
0
3
0
3
3
3
4
0
0
0
0
3
0
4
4
3
3
3
0
0
0
-4
0
0
0
0
0
0
0
0
0
-4
0
0
0
0
0
0
0
0
0
3
0
0
0
0
0
0
0
0
0
4
0
0
0
0
0
0
0
0
0
4
0
0
0
0
0
0
0
0
0
3
0
0
4
0
0
0
0
0
0
4
3
3
4
4
3
3
-6
0
0
0
0
0
4
0
0
0
0
0
0
0
0
0
0
0
0
0
0
0
0
0
0
0
0
0
0
0
0
0
0
0
0
0
0
0
0
0
0
0
0
0
0
0
0
0
0
0
0
0
3
3
4
4
3
3
4
3
-9
0
4
3
4
3
4
4
0
0
0
0
3
3
3
3
4
4
0
0
0
0
3
4
3
3
4
3
0
0
0
0
4
4
4
3
4
3
3
0
0
0
0
0
0
0
0
0
3
0
0
-2
3
4
3
4
0
0
4
0
0
0
0
0
0
3
0
0
3
0
0
0
0
0
0
-7
0
0
-8
0
-14
0
0
0
0
-7
0
0
-8
0
-16
0
0
0
0
3
0
0
3
0
0
0
0
0
0
4
0
0
3
0
0
0
0
0
0
4
0
0
3
0
0
0
0
0
0
4
0
0
4
0
0
0
0
0
0
3
0
0
4
0
0
0
0
0
0
3
0
0
3
0
0
0
0
0
0
4
0
0
4
0
0
0
0
0
0
3
0
0
3
0
0
0
0
0
0
-10
0
0
-11
0
0
0
0
0
0
-10
0
0
-11
0
0
0
0
0
0
4
0
0
3
0
0
0
0
0
0
3
3
4
3
0
0
0
0
0
0
0
0
0
0
0
0
-5
3
4
3
3
3
3
4
4
-12
0
0
0
0
0
1
0
0
0
0
0
0
0
0
0
0
0
0
0
0
0
0
0
0
0
0
0
0
0
0
0
0
0
0
0
0
0
0
0
0
0
0
0
0
0
0
0
0
0
0
0
0
0
0
0
0
0
0
0
0
0
0
0
0
0
0
0
0
0
0
0
0
0
0
0
0
0
0
0
0
0
0
0
0
0
0
0
0
0
0
0
0
0
0
0
3
0
0
0
0
-6
4
4
3
4
3
4
3
3
-13
0
0
4
0
0
3
0
0
0
0
0
3
3
3
0
0
0
0
0
0
0
0
3
0
0
0
0
0
0
0
0
0
0
0
0
0
0
0
0
0
0
0
0
0
0
0
0
0
0
0
-9
3
3
3
3
0
0
0
0
0
0
0
3
4
4
0
0
0
0
0
0
0
4
4
3
4
4
0
0
0
0
0
0
0
3
3
3
0
0
0
0
0
0
0
3
3
3
3
3
0
0
0
0
0
0
0
3
4
3
0
0
0
0
0
0
0
3
3
4
0
0
0
0
0
0
0
0
3
3
0
0
0
0
0
0
0
0
-14
-15
0
0
0
0
0
0
0
0
-16
-17
0
0
0
0
0
0
0
0
3
3
0
0
3
3
4
4
4
0
3
4
0
0
0
3
3
4
4
0
3
3
0
0
0
3
4
4
3
0
4
4
0
0
0
4
4
3
3
0
3
4
0
0
0
3
0
0
0
0
4
3
0
0
0
3
4
3
4
3
4
4
0
0
0
0
0
0
0
0
0
3
0
0
0
0
0
0
0
0
0
-18
0
0
0
0
0
0
0
0
0
-18
0
0
0
0
0
0
0
0
0
3
0
0
0
0
0
0
0
0
0
3
0
0
0
0
0
1
0
0
0
4
0
-12
4
3
3
3
4
3
3
3
0
0
0
0
0
1
0
0
0
4
0
0
0
0
0
0
0
0
0
3
0
0
0
0
0
0
0
0
0
4
0
0
0
0
0
0
0
0
0
3
0
0
0
0
0
0
0
0
0
-19
0
0
0
0
0
0
0
0
0
-19
0
0
0
0
0
0
0
0
0
3
0
0
0
0
0
0
0
0
0
3
0
0
0
0
0
0
0
0
0
3
0
0
0
0
0
3
0
0
0
4
0
-13
4
4
4
3
3
3
4
3
0
0
0
0
0
3
0
0
0
0
0
0
0
0
0
0
0
0
0
0
0
0
0
0
0
0
0
0
0
0
0
0
0
0
0
0
0
0
0
0
0
